100
4 2
5 2
6 2
1000 1000
1000 1
2 2
999 256
500 117
620 565
999 2
853 805
500 128
999 487
1000 127
500 250
500 245
1000 499
490 435
1000 256
593 448
1000 504
688 635
1000 258
1000 489
795 648
500 1
999 512
999 999
1000 2
1000 498
756 578
413 412
736 588
976 798
500 2
1000 511
500 116
629 471
500 255
1000 999
500 256
3 2
999 998
5 1
999 127
999 488
1000 488
355 340
4 1
500 247
707 550
956 753
794 689
887 756
358 333
420 406
444 423
500 249
493 434
500 244
418 317
500 221
413 344
777 595
999 497
500 500
2 1
500 248
1000 128
1000 512
965 960
500 74
315 236
951 857
705 633
903 775
582 465
500 499
1000 255
791 704
500 127
3 1
482 403
927 743
615 503
999 498
1000 500
399 317
1 1
999 499
999 500
999 1
569 563
690 520
999 128
999 511
602 488
999 427
936 887
999 255
